0.5127682685852051
0.4566608667373657
0.4965624511241913
0.4581509232521057
0.47488048672676086
0.6330089569091797
0.6407362222671509
0.4520842730998993
0.5419149994850159
0.4524151682853699
0.4517786502838135
0.467460036277771
0.4542399048805237
0.4785175621509552
0.469973087310791
0.45668601989746094
0.2172994762659073
0.46393102407455444
0.4612151086330414
0.46239233016967773
0.4840914011001587
0.4022426903247833
0.4377087652683258
0.4558781385421753
0.4989149272441864
0.4446554481983185
0.4981386363506317
0.29366761445999146
0.4999440908432007
0.42650628089904785
0.49760547280311584
0.4423880875110626
0.1781693547964096
0.10038898140192032
0.41830623149871826
0.39668428897857666
0.26772400736808777
0.44482511281967163
0.40943002700805664
0.45419827103614807
0.39403387904167175
0.4357229173183441
0.2877045273780823
0.3976310193538666
0.37785205245018005
0.5764498114585876
0.5010218024253845
0.4272174537181854
0.42672985792160034
0.5364043712615967
0.5871812105178833
0.4406563639640808
0.4208340048789978
0.44230449199676514
0.2918584644794464
0.45308196544647217
0.44116997718811035
0.4746001958847046
0.283084899187088
0.3158041536808014
0.43745434284210205
0.43106675148010254
0.44819435477256775
0.26385122537612915
0.31082481145858765
0.6367924213409424
0.5793201327323914
0.4979073703289032
0.5747463703155518
0.2401842474937439
0.24001525342464447
0.5059338212013245
0.5886796116828918
0.44900640845298767
0.22490492463111877
0.158824622631073
0.1726551204919815
0.4438524544239044
0.3193717300891876
0.21467289328575134
0.2511209547519684
0.24561390280723572
0.48256683349609375
0.16930124163627625
0.11042045801877975
0.14367859065532684
0.6967412829399109
0.47132784128189087
0.28875988721847534
0.5375174880027771
0.18678082525730133
0.21062903106212616
0.3085486590862274
0.18336819112300873
0.5302379727363586
0.4205813705921173
0.5793597102165222
0.333543598651886
0.4626418948173523
0.878663182258606
0.3430163860321045
0.6115500330924988
0.3575926721096039
0.4564288854598999
0.3001461327075958
0.00212532514706254
0.31859639286994934
0.6550523042678833
0.38712140917778015
0.6981784105300903
0.3802354335784912
0.7638706564903259
0.4455161690711975
0.39480990171432495
0.21249376237392426
0.21010278165340424
0.39412564039230347
0.6871826648712158
0.39367613196372986
0.3897351622581482
0.40357714891433716
0.3530314564704895
0.7582077980041504
0.3789169192314148
0.3869945704936981
0.3750039041042328
0.3667001724243164
0.3625488579273224
0.3533363938331604
0.347136527299881
0.3392287790775299
0.3311859667301178
0.32428938150405884
0.31840285658836365
0.3102191090583801
0.30896294116973877
0.28322237730026245
0.29415205121040344
0.2732456922531128
0.45805102586746216
0.28648242354393005
0.8167533874511719
0.8303124904632568
0.22370676696300507
0.127360999584198
0.21944659948349
0.848031222820282
0.8254949450492859
0.15403185784816742
0.8121914267539978
0.4322358965873718
0.11639205366373062
0.5003055334091187
0.10205396264791489
0.09868057817220688
0.4385001063346863
0.48706457018852234
0.09312265366315842
0.14537474513053894
0.10727588087320328
0.1069592759013176
0.7886029481887817
0.8664208054542542
0.098479263484478
0.3662591576576233
0.1052299365401268
0.14261677861213684
0.11587654054164886
0.12121663242578506
0.7517419457435608
0.7379574179649353
0.7828478813171387
0.7389559745788574
0.1354137808084488
0.14980687201023102
0.7763638496398926
0.16096597909927368
0.7235885262489319
0.16622291505336761
0.8352940678596497
0.15876150131225586
0.20631520450115204
0.7215545773506165
0.7574993371963501
0.16205456852912903
0.47031140327453613
0.16989710927009583
0.7368655204772949
0.16180302202701569
0.7411391139030457
0.29281875491142273
0.7410717606544495
0.8103765249252319
0.5225345492362976
0.43204063177108765
0.7922343015670776
0.2627473771572113
0.16905011236667633
0.15414822101593018
0.15955518186092377
0.19866259396076202
0.14907599985599518
0.1487882137298584
0.15478283166885376
0.4655642807483673
0.7362329959869385
0.14771577715873718
0.5809010863304138
0.14089909195899963
0.7386430501937866
0.7274631857872009
0.2496725469827652
0.7310331463813782
0.13295453786849976
0.13537387549877167
0.46379387378692627
0.7024531364440918
0.12706081569194794
0.4254409372806549
0.12376917153596878
0.5048757195472717
0.12133493274450302
0.12004031240940094
0.6527945399284363
0.6841497421264648
0.6398704051971436
0.6002039313316345
0.41780325770378113
0.1176077350974083
0.12054789811372757
0.20249265432357788
0.3827652335166931
0.5765653848648071
0.5469165444374084
0.37885719537734985
0.4507424831390381
0.5321067571640015
0.1451391726732254
0.40134575963020325
0.5406145453453064
0.5462815165519714
0.43321481347084045
0.2985226511955261
0.08971762657165527
0.11641497910022736
0.5248066186904907
0.485141783952713
0.5254418253898621
0.5145406126976013
0.4205518066883087
0.509371280670166
0.507731556892395
0.3058090806007385
0.4978056252002716
0.4907797574996948
0.48975688219070435
0.299313485622406
0.10738505423069
0.3043381869792938
0.0862719714641571
0.33596286177635193
0.34149402379989624
0.3434833884239197
0.07669462263584137
0.15229018032550812
0.33321428298950195
0.13151828944683075
0.24459606409072876
0.3474094569683075
0.4105849266052246
0.2864646911621094
0.31802499294281006
0.36039498448371887
0.3511248230934143
0.08658631145954132
0.3742277920246124
0.336419939994812
0.047833409160375595
0.3346826136112213
0.042600780725479126
0.3206108808517456
0.34329354763031006
0.3499552309513092
0.24478301405906677
0.20736151933670044
0.03587564080953598
0.025718139484524727
0.11425156891345978
0.2546366751194
0.3440970778465271
0.30367204546928406
0.03574258089065552
0.2921113073825836
0.32420626282691956
0.2895165979862213
0.3199385106563568
0.29054805636405945
0.2527209222316742
0.09957155585289001
0.25316888093948364
0.2259826511144638
0.2823144793510437
0.21126052737236023
0.23389717936515808
0.08767327666282654
0.1664178967475891
0.059434376657009125
0.21787983179092407
0.13415804505348206
0.2284615933895111
0.11138666421175003
0.14338572323322296
0.1845742017030716
0.15080341696739197
0.2089649736881256
0.028846485540270805
0.1109660267829895
0.021049344912171364
0.07922466844320297
0.2015170454978943
0.06521369516849518
0.04415160417556763
0.33870288729667664
0.9614691734313965
0.013552188873291016
0.5090566277503967
0.34336283802986145
0.07092773169279099
0.08129605650901794
0.32292473316192627
0.37415385246276855
0.38189396262168884
0.6022931933403015
0.5274763703346252
0.5145800113677979
0.3271286189556122
0.3736492395401001
0.296823650598526
0.14053474366664886
0.25679728388786316
0.2978152930736542
0.31305351853370667
0.03525692597031593
0.08602695912122726
0.07183302938938141
0.1272275149822235
0.15015076100826263
0.1511063575744629
0.31603479385375977
0.10058600455522537
0.08417154103517532
0.06441210210323334
0.12241959571838379
0.24146150052547455
0.25988516211509705
0.08578615635633469
0.4343873858451843
0.07403962314128876
0.059893328696489334
0.27789294719696045
0.08720773458480835
0.2817324995994568
0.28626570105552673
0.02893843874335289
0.30525293946266174
0.04050144553184509
0.023965107277035713
0.07484833896160126
0.05219363048672676
0.5894510746002197
0.043059125542640686
0.6182903051376343
0.09597484022378922
0.04266155883669853
0.6248747706413269
0.1188453957438469
0.07549396902322769
0.6398885846138
0.6407362222671509
0.6407362222671509
0.06477940082550049
0.08081861585378647
0.6407362222671509
0.05568680167198181
0.6407362222671509
0.22367355227470398
0.17311131954193115
0.6407362222671509
0.0752636194229126
0.22999560832977295
0.258282870054245
0.06443633139133453
0.6407362222671509
0.6407362222671509
0.5422104001045227
0.32506465911865234
0.35855844616889954
0.1757354587316513
0.2828231155872345
0.12304643541574478
0.08650903403759003
0.17896422743797302
0.19813330471515656
0.12509366869926453
0.12269873172044754
0.15929514169692993
0.11809524893760681
0.1613312065601349
0.32819995284080505
0.028174880892038345
0.091703861951828
0.10123226791620255
0.12623032927513123
0.03394373878836632
0.14544567465782166
0.13294987380504608
0.05376439914107323
0.05772329121828079
0.03845296427607536
0.05383530259132385
0.17715002596378326
0.05162929370999336
0.057121869176626205
0.03137638047337532
0.031387366354465485
0.1478678286075592
0.07359284162521362
0.07736372202634811
0.15243969857692719
0.04504308104515076
0.02838507480919361
0.06316187977790833
0.04277852177619934
0.05906657129526138
0.03641683608293533
0.08355529606342316
0.045386116951704025
0.04484830051660538
0.056787483394145966
0.05034391209483147
0.05862843990325928
0.029590368270874023
0.05281532183289528
0.05644121766090393
0.044377461075782776
0.1085476204752922
0.04122626781463623
0.021185994148254395
0.044671233743429184
0.09256748855113983
0.09594564884901047
0.016000758856534958
0.04207700490951538
0.08411814272403717
0.03915160149335861
0.039104532450437546
0.08767451345920563
0.039580412209033966
0.04288782551884651
0.0350072868168354
0.03111487440764904
0.03299373760819435
0.03321395069360733
0.03140217065811157
0.028970252722501755
0.03034396469593048
0.018838828429579735
0.03338806331157684
0.026403170078992844
0.02647041343152523
0.006938973441720009
0.025654463097453117
0.07210826873779297
0.022308330982923508
0.06973069906234741
0.023303039371967316
0.023758921772241592
0.015425349585711956
0.07526276260614395
0.02904464304447174
0.08123473078012466
0.022994166240096092
0.08274827152490616
0.02220757119357586
0.02254219353199005
0.021700086072087288
0.07658154517412186
0.021272024139761925
0.02108868584036827
0.06962615996599197
0.020854726433753967
0.021264877170324326
0.02228406071662903
0.019522296264767647
0.12340302765369415
0.02250213548541069
0.022166604176163673
0.07697975635528564
0.015614517033100128
0.02120332419872284
0.01917244680225849
0.018229294568300247
0.09506954252719879
0.012348772026598454
0.08572117984294891
0.015834582969546318
0.009661931544542313
0.009884960018098354
0.009901680983603
0.022376617416739464
0.0202102679759264
0.010042526759207249
0.1218358650803566
0.01532997377216816
0.12119925767183304
0.12686984241008759
0.16159877181053162
0.016614776104688644
0.13635572791099548
0.03993937000632286
0.020871959626674652
0.13924503326416016
0.019491123035550117
0.038825131952762604
0.019990798085927963
0.06554805487394333
0.12417424470186234
0.1422637701034546
0.03058328665792942
0.14203476905822754
0.01975385658442974
0.12336021661758423
0.07318256050348282
0.13258542120456696
0.1400500386953354
0.019333206117153168
0.02311798185110092
0.035492900758981705
0.04237387701869011
0.03280842304229736
0.08333881199359894
0.17592711746692657
0.17554442584514618
0.1730097532272339
0.0885874554514885
0.027504680678248405
0.19647520780563354
0.06463833153247833
0.14875461161136627
0.0409654900431633
0.04390468820929527
0.06352432817220688
0.02676614373922348
0.08851387351751328
0.06501849740743637
0.12580598890781403
0.07095154374837875
0.02801988646388054
0.0854179859161377
0.1435002088546753
0.15931864082813263
0.16257688403129578
0.1404121220111847
0.13969221711158752
0.002174372086301446
0.003101269481703639
0.045173946768045425
0.2344502955675125
0.12065967172384262
0.14794471859931946
0.16524095833301544
0.14930051565170288
0.17326655983924866
0.16833917796611786
0.14491933584213257
0.037144407629966736
0.1732824295759201
0.08936145156621933
0.17549556493759155
0.15643824636936188
0.005364565644413233
0.003675923217087984
0.08700831979513168
0.04570630565285683
0.019493447616696358
0.16725565493106842
0.03933090716600418
0.15124841034412384
0.11713796854019165
0.2097741812467575
0.1303463578224182
0.048336271196603775
0.018463391810655594
0.1002812460064888
0.16442610323429108
0.043015506118535995
0.17894093692302704
0.18818345665931702
0.20236018300056458
0.046252939850091934
0.20073707401752472
0.21217717230319977
0.2016066014766693
0.2220035195350647
0.1951880007982254
0.3363816738128662
0.3234654366970062
0.34232598543167114
0.3932947516441345
0.31415992975234985
0.10703146457672119
0.345924973487854
0.24604690074920654
0.374935120344162
0.2692866921424866
0.3173048198223114
0.05248739570379257
0.32758215069770813
0.4036233723163605
0.3456365764141083
0.3968389928340912
0.32511866092681885
0.057781580835580826
0.04197710379958153
0.26475632190704346
0.2612919807434082
0.06937994807958603
0.13903561234474182
0.027973655611276627
0.35040414333343506
0.022721225395798683
0.3109225034713745
0.2213926911354065
0.30722713470458984
0.20437268912792206
0.10073895007371902
0.06312295794487
0.03557182103395462
0.216088205575943
0.15728804469108582
0.26507580280303955
0.2738593816757202
0.24430705606937408
0.1322912871837616
0.3156002163887024
0.22692297399044037
0.22364911437034607
0.22520598769187927
0.20778992772102356
0.02300792559981346
0.3544309735298157
0.16016320884227753
0.4123435318470001
0.43739819526672363
0.3256857991218567
0.10951061546802521
0.410041868686676
0.10899108648300171
0.01592448726296425
0.02080906182527542
0.028177689760923386
0.12208911031484604
0.04207263141870499
0.31371593475341797
0.05590212345123291
0.3796699643135071
0.30303066968917847
0.070471853017807
0.07194718718528748
0.07758999615907669
0.08184273540973663
0.08598598837852478
0.08683113753795624
0.10182958841323853
0.11231651902198792
0.11917997151613235
0.12653528153896332
0.13423754274845123
0.13858279585838318
0.14582720398902893
0.1517079472541809
0.15760745108127594
0.14986594021320343
0.15609970688819885
0.1730455607175827
0.12892195582389832
0.17637833952903748
0.3120466470718384
0.23543448746204376
0.2484874427318573
0.3180055618286133
0.16701631247997284
0.25024572014808655
0.37893587350845337
0.16993080079555511
0.29328611493110657
0.46784213185310364
0.3321678042411804
0.39606577157974243
0.13837480545043945
0.22721697390079498
0.23606878519058228
0.25700587034225464
0.7960429191589355
0.799519419670105
0.29814404249191284
0.3062412142753601
0.31228333711624146
0.3175261318683624
0.2504567801952362
0.32571539282798767
0.32841598987579346
0.3301279544830322
0.3308955430984497
0.24149608612060547
0.21967417001724243
0.3286206126213074
0.8486246466636658
0.479832261800766
0.370103657245636
0.31948402523994446
0.18823076784610748
0.1888614296913147
0.31769415736198425
0.7453312277793884
0.26468876004219055
0.6343992352485657
0.14099107682704926
0.13254502415657043
0.14128734171390533
0.2905493676662445
0.10916157066822052
0.17056787014007568
0.3039465844631195
0.10041271895170212
0.07952450960874557
0.13977304100990295
0.14383356273174286
0.22912952303886414
0.12937158346176147
0.11607175320386887
0.03301885351538658
0.045876678079366684
