0.8438556790351868
0.7033209800720215
0.848704993724823
0.677767276763916
0.8536496758460999
0.7083144783973694
0.6763330101966858
0.7109596133232117
0.7123233675956726
0.7137165665626526
0.7151403427124023
0.8597699999809265
0.7180864810943604
0.8532049059867859
0.8624550700187683
0.7227768898010254
0.6093566417694092
0.852603554725647
0.8718438744544983
0.8563880920410156
0.6653274893760681
0.664216935634613
0.8752569556236267
0.8577765822410583
0.6606040596961975
0.8551325798034668
0.6579638719558716
0.9653187990188599
0.6551447510719299
0.7506209015846252
0.652155339717865
0.8667190670967102
0.6471960544586182
0.6503026485443115
0.7639098763465881
0.644045352935791
0.9693052768707275
0.8917124271392822
0.8492739796638489
0.8473737835884094
0.6356355547904968
0.8428939580917358
0.9715991020202637
0.8564271330833435
0.7979040741920471
0.9630817770957947
0.6285971999168396
0.8950079679489136
0.8426580429077148
0.9652560353279114
0.819303035736084
0.7874747514724731
0.8262260556221008
0.7966309785842896
0.8408129215240479
0.7847795486450195
0.7785799503326416
0.7693983912467957
0.8578038811683655
0.9720017313957214
0.7817636132240295
0.81406170129776
0.8525626063346863
0.8756962418556213
0.8785983920097351
0.8158249855041504
0.5709331035614014
0.7277867197990417
0.600242555141449
0.8884872794151306
0.889381468296051
0.6542190909385681
0.8281815648078918
0.7215312123298645
0.8884245753288269
0.8992078304290771
0.9046986103057861
0.6369942426681519
0.8786967992782593
0.8749057650566101
0.8706873059272766
0.8660981059074402
0.6154482364654541
0.9299928545951843
0.5271175503730774
0.5202170610427856
0.7611414194107056
0.5216946005821228
0.8222640752792358
0.664463996887207
0.9250064492225647
0.9210342764854431
0.7881301045417786
0.9103769063949585
0.5197187066078186
0.7597827911376953
0.6129919290542603
0.739515483379364
0.8370292782783508
0.629263162612915
0.7069584131240845
0.484995037317276
0.6836760640144348
0.7902374863624573
0.8098586201667786
0.800868034362793
0.627848207950592
0.49048614501953125
0.5888288617134094
0.48062777519226074
0.5380269885063171
0.47362497448921204
0.5251377820968628
0.44247615337371826
0.28733500838279724
0.30658379197120667
0.3407270908355713
0.7531296014785767
0.5232399106025696
0.5228400826454163
0.5224162936210632
0.2034180611371994
0.4703798294067383
0.5210107564926147
0.5205035209655762
0.5199821591377258
0.5194512605667114
0.5189170837402344
0.5183871388435364
0.5178712606430054
0.5173815488815308
0.5169324278831482
0.5165415406227112
0.5162297487258911
0.5160216093063354
0.5159454345703125
0.5160338878631592
0.5163235068321228
0.5168546438217163
0.05657866969704628
0.5188164114952087
0.4464721381664276
0.42720797657966614
0.5246754884719849
0.6509636640548706
0.5309467911720276
0.41955316066741943
0.41940516233444214
0.5440472364425659
0.4208124279975891
0.02326975017786026
0.5605378150939941
0.6639251112937927
0.5722318291664124
0.5779466032981873
0.01410223264247179
0.41148075461387634
0.593137800693512
0.6883324980735779
0.6005265116691589
0.6031070351600647
0.49545207619667053
0.512243926525116
0.60561603307724
0.5934364795684814
0.6026436686515808
0.5997635722160339
0.5960124731063843
0.5914989113807678
0.6589329242706299
0.6126754283905029
0.5457175970077515
0.6751213073730469
0.5652840733528137
0.5609370470046997
0.5668469667434692
0.6870623826980591
0.6197676062583923
0.5491172075271606
0.6123006343841553
0.5457687973976135
0.6520667672157288
0.658743679523468
0.6842699646949768
0.541901707649231
0.011578879319131374
0.5408284068107605
0.7059875130653381
0.5401017069816589
0.7343851327896118
0.5858383178710938
0.7624432444572449
0.7737176418304443
0.7546151876449585
0.6277931332588196
0.8113316893577576
0.5469343066215515
0.5387395024299622
0.5386350750923157
0.5385220050811768
0.4916298985481262
0.5382579565048218
0.538102924823761
0.537930965423584
0.13837148249149323
0.8687870502471924
0.5373131632804871
0.8000888228416443
0.5368261337280273
0.8885627388954163
0.8803765177726746
0.07957735657691956
0.8969095945358276
0.5354689955711365
0.5351952910423279
0.7313554883003235
0.9004611968994141
0.5344170331954956
0.09884854406118393
0.5339562296867371
0.7399173378944397
0.5335580110549927
0.5333853363990784
0.883137047290802
0.876928985118866
0.8480693101882935
0.843222975730896
0.16321825981140137
0.5327529311180115
0.5327145457267761
0.2994796931743622
0.7379098534584045
0.8089701533317566
0.842607855796814
0.1653713583946228
0.815932035446167
0.7992581129074097
0.3606911897659302
0.6436354517936707
0.7939865589141846
0.7926849126815796
0.8040782809257507
0.18584512174129486
0.7445086240768433
0.5336030125617981
0.7883660793304443
0.8204460740089417
0.7873227596282959
0.7869048118591309
0.7850954532623291
0.7862608432769775
0.7860369086265564
0.7677196264266968
0.7858094573020935
0.7858218550682068
0.8005862832069397
0.7811312675476074
0.46068572998046875
0.7883893847465515
0.5336631536483765
0.8078522086143494
0.810254693031311
0.8215673565864563
0.5099707841873169
0.22521746158599854
0.7959483861923218
0.22492735087871552
0.8221380114555359
0.8044347763061523
0.8082324266433716
0.8316696882247925
0.8344492316246033
0.8370124101638794
0.884116530418396
0.5326200127601624
0.9279162883758545
0.8505454063415527
0.5864272117614746
0.8765573501586914
0.5914884209632874
0.8963583111763
0.9049814343452454
0.8522942066192627
0.19498373568058014
0.8540164232254028
0.5936782360076904
0.5920584201812744
0.5452702641487122
0.17861974239349365
0.9428842067718506
0.9399985074996948
0.5762065649032593
0.9440129995346069
0.9438243508338928
0.8632128834724426
0.9456295371055603
0.9461063146591187
0.8630185723304749
0.587030291557312
0.8613955974578857
0.948215901851654
0.9469226598739624
0.8577527403831482
0.9462985992431641
0.5084353685379028
0.8536462187767029
0.6170201301574707
0.9486319422721863
0.6198252439498901
0.948527991771698
0.6205118894577026
0.6201139092445374
0.9475993514060974
0.6179657578468323
0.7636092305183411
0.47038936614990234
0.946317195892334
0.46727174520492554
0.9420328736305237
0.9434500932693481
0.598706066608429
0.5947595834732056
0.9441946744918823
0.5447232127189636
0.5818655490875244
0.9428611397743225
0.9392938613891602
0.8245512247085571
0.4766067564487457
0.9378807544708252
0.9366523623466492
0.9397141337394714
0.5489932894706726
0.5457419753074646
0.5427209734916687
0.9379069805145264
0.5373327136039734
0.5349394679069519
0.19283105432987213
0.9353582262992859
0.9349961876869202
0.928674578666687
0.5253754258155823
0.8033745288848877
0.5224072933197021
0.5210593342781067
0.9208382368087769
0.9293566346168518
0.5174535512924194
0.9239110350608826
0.9192607998847961
0.9160689115524292
0.7819663286209106
0.6066080331802368
0.5966411828994751
0.9110016822814941
0.5100014805793762
0.8954988718032837
0.8394955396652222
0.4768403470516205
0.8371086716651917
0.3956689238548279
0.3530927002429962
0.7920470237731934
0.27374279499053955
0.7892130017280579
0.7263005971908569
0.7744542360305786
0.7335706949234009
0.5014441013336182
0.680099368095398
0.5003764033317566
0.6672536730766296
0.6428370475769043
0.49886009097099304
0.6430222988128662
0.047131769359111786
0.4973992109298706
0.4969100058078766
0.49641215801239014
0.00498444028198719
0.807773768901825
0.4948018789291382
0.002635075245052576
0.493545264005661
0.599503755569458
0.017351476475596428
0.4911494255065918
0.7977184653282166
0.8199065327644348
0.8453347086906433
0.8568539023399353
0.48466235399246216
0.4828079342842102
0.62717205286026
0.007107171230018139
0.006631204858422279
0.23421968519687653
0.006138234864920378
0.5066603422164917
0.751383364200592
0.47025036811828613
0.00813713762909174
0.6751005053520203
0.6896781921386719
0.016837365925312042
0.7085283398628235
0.03229954466223717
0.04686376079916954
0.721252977848053
0.7256611585617065
0.17245349287986755
0.729332447052002
0.7095025777816772
0.7743374109268188
0.7318387031555176
0.7606745362281799
0.7122795581817627
0.7724639177322388
0.7045861482620239
0.39789754152297974
0.7081775665283203
0.636313796043396
0.6667894721031189
0.6923549175262451
0.3921023905277252
0.7025407552719116
0.7257243394851685
0.39033254981040955
0.7481050491333008
0.7616836428642273
0.7204494476318359
0.7419153451919556
0.7579736709594727
0.7566106915473938
0.6896601319313049
0.7115258574485779
0.709298849105835
0.7068642973899841
0.6779018044471741
0.6800041794776917
0.1598501205444336
0.6716772317886353
0.6896676421165466
0.477368026971817
0.3733159601688385
0.6619950532913208
0.39462965726852417
0.6480401158332825
0.3575229346752167
0.3525894582271576
0.044258251786231995
0.4723989963531494
0.3356088101863861
0.20377618074417114
0.21870747208595276
0.3172473907470703
0.0024221763014793396
0.0072470554150640965
0.02014467865228653
0.0294901542365551
0.05393793061375618
0.04511663690209389
0.03887500613927841
0.035885460674762726
0.07054021209478378
0.5570255517959595
0.6115138530731201
0.04622101038694382
0.39235344529151917
0.7757803201675415
0.010074908845126629
0.6646962761878967
0.10584879666566849
0.16123004257678986
0.16490674018859863
0.0199398472905159
0.6991725564002991
0.6035073399543762
0.803353488445282
0.5795342922210693
0.20722530782222748
0.560731828212738
0.06338895857334137
0.0697731003165245
0.0757044181227684
0.5465137958526611
0.08611546456813812
0.09063815325498581
0.5555301308631897
0.09859517961740494
0.33876848220825195
0.3556252419948578
0.10896691679954529
0.08314594626426697
0.11584357917308807
0.4253063499927521
0.5937091708183289
0.9615302085876465
0.4195552170276642
0.13821817934513092
0.9663922190666199
0.21233496069908142
0.025667492300271988
0.5983385443687439
0.9731073975563049
0.9747807383537292
0.030012162402272224
0.9780271053314209
0.6736745834350586
0.22459867596626282
0.9824475646018982
0.5918610095977783
0.2507578432559967
0.5863164067268372
0.581807017326355
0.5757898092269897
0.9889784455299377
0.5585601329803467
0.46305596828460693
0.08564217388629913
0.5198836326599121
0.9922357201576233
0.45252466201782227
0.28126266598701477
0.45401135087013245
0.43719616532325745
0.4208707809448242
0.9947379231452942
0.39063602685928345
0.32529449462890625
0.36469075083732605
0.46419432759284973
0.34353774785995483
0.33463621139526367
0.5112206339836121
0.46944674849510193
0.8358955383300781
0.5941091775894165
0.9963774085044861
0.13254497945308685
0.27761566638946533
0.2677261233329773
0.2569395899772644
0.11729565262794495
0.6846843957901001
0.22431078553199768
0.593159556388855
0.20352895557880402
0.9891065955162048
0.9882476925849915
0.9874420762062073
0.17428258061408997
0.7132649421691895
0.98623126745224
0.10778876394033432
0.986664891242981
0.3265056908130646
0.721964955329895
0.3053527772426605
0.3189728856086731
0.45516934990882874
0.4572950303554535
0.47208815813064575
0.800519585609436
0.7333266139030457
0.5269642472267151
0.5687847137451172
0.9933198690414429
0.7440494894981384
0.3958454430103302
0.9932810664176941
0.3514101207256317
0.32978081703186035
0.8869110941886902
0.2882581949234009
0.7046405673027039
0.9938181042671204
0.8836614489555359
0.8763580322265625
0.2124188095331192
0.20362940430641174
0.9934185743331909
0.3811415433883667
0.3921372592449188
0.18416182696819305
0.42084187269210815
0.8915107250213623
0.8655638694763184
0.1433144062757492
0.8821866512298584
0.473161906003952
0.4772009551525116
0.9604443311691284
0.9006412029266357
0.4786108732223511
0.9027557969093323
0.9081547260284424
0.8582668304443359
0.44193488359451294
0.9101459980010986
0.9123216867446899
0.9150334000587463
0.4157710671424866
0.42642107605934143
0.43485650420188904
0.4416581392288208
0.4472469687461853
0.4519234299659729
0.45590028166770935
0.2010194957256317
0.46232032775878906
0.41739052534103394
0.4672824740409851
0.469356507062912
0.471208393573761
0.17466312646865845
0.47434762120246887
0.4756753444671631
0.9455726146697998
0.47792649269104004
0.9431065320968628
0.15185749530792236
0.5264751315116882
0.4811403453350067
0.4817301630973816
0.1425228714942932
0.935890793800354
0.19014319777488708
0.48344138264656067
0.673628032207489
0.4839778542518616
0.48417970538139343
0.4843408465385437
0.48446419835090637
0.13327571749687195
0.964173436164856
0.704626202583313
0.48461276292800903
0.13458077609539032
0.48449912667274475
0.9670356512069702
0.48427021503448486
0.13891319930553436
0.9690759181976318
0.4837198555469513
0.48348259925842285
0.48321887850761414
0.4829285442829132
0.23229609429836273
0.9309253096580505
0.4818979799747467
0.9250332117080688
0.9117903709411621
0.16356700658798218
0.4801410734653473
0.897814154624939
0.4790887236595154
0.2423894703388214
0.24314191937446594
0.2438158094882965
0.47659605741500854
0.2449246346950531
0.8542193174362183
0.2457086145877838
0.19909512996673584
0.8094636797904968
0.2462625652551651
0.2462790459394455
0.24621045589447021
0.2460559904575348
0.24581442773342133
0.24548502266407013
0.2450658529996872
0.24455465376377106
0.24394945800304413
0.2432468831539154
0.24244335293769836
0.2415345162153244
0.24051547050476074
0.2393806427717209
0.23812347650527954
0.23673681914806366
0.2352127879858017
0.23354308307170868
0.23171834647655487
0.43820449709892273
0.5733296275138855
0.2252228707075119
0.2226891666650772
0.21996144950389862
0.42255327105522156
0.21392446756362915
0.5528468489646912
0.27953577041625977
0.8456217050552368
0.548820972442627
0.19631867110729218
0.19274260103702545
0.01174356509000063
0.3879706859588623
0.38370481133461
0.3793693780899048
0.5396112203598022
0.5393355488777161
0.3660389482975006
0.36152830719947815
0.35700857639312744
0.35249486565589905
0.3034631311893463
0.34354373812675476
0.339131623506546
0.33477461338043213
0.3304789364337921
0.3262483477592468
0.17430968582630157
0.31798258423805237
0.5399200320243835
0.30995598435401917
0.30601850152015686
0.30212220549583435
0.29825982451438904
0.2944236397743225
0.290605753660202
0.5376185774803162
0.24041713774204254
0.5349165201187134
0.27538803219795227
0.27156826853752136
0.004590424243360758
0.7388654947280884
0.2600041925907135
0.19383598864078522
0.5303000211715698
0.004527913872152567
0.24427571892738342
0.15720722079277039
0.23629572987556458
0.5326151251792908
0.22828666865825653
0.22429005801677704
0.004463249817490578
0.21636103093624115
