0.9308922290802002
0.45056289434432983
0.9201763272285461
0.8737513422966003
0.9067093133926392
0.4517403542995453
0.8685991764068604
0.45232921838760376
0.4526234567165375
0.4529179632663727
0.45321258902549744
0.8946006894111633
0.4538019001483917
0.9110743999481201
0.8889989852905273
0.4546857178211212
0.999957799911499
0.9081743955612183
0.8589866757392883
0.9012059569358826
0.8426456451416016
0.8407970070838928
0.8533068299293518
0.8940958976745605
0.8351454138755798
0.8931992053985596
0.8312888145446777
0.88028883934021
0.8249550461769104
0.4588148891925812
0.8174256086349487
0.8693056106567383
0.9999349117279053
0.999933123588562
0.46029096841812134
0.7975081205368042
0.8801637887954712
0.8257820010185242
0.8632985353469849
0.8606788516044617
0.7760130763053894
0.854059100151062
0.8800802230834961
0.839937150478363
0.4632451832294464
0.6191406846046448
0.7481424808502197
0.8103988766670227
0.8208927512168884
0.6059688329696655
0.9593972563743591
0.8213860392570496
0.8089524507522583
0.8079746961593628
0.4662020206451416
0.7997127771377563
0.7968047261238098
0.793724536895752
0.46738550066947937
0.8798434734344482
0.7856355905532837
0.7844041585922241
0.7900317907333374
0.4688650369644165
0.4691612124443054
0.9538598656654358
0.5484738945960999
0.7653535604476929
0.6282238364219666
0.4706416726112366
0.47093769907951355
0.7485699653625488
0.951036274433136
0.7657759785652161
0.47212257981300354
0.9998267292976379
0.9998235106468201
0.748977780342102
0.4733075797557831
0.47360387444496155
0.4739002585411072
0.4741966128349304
0.7415392994880676
0.9997997879981995
0.559116542339325
0.5550470948219299
0.9448904395103455
0.4757966995239258
0.4762715995311737
0.7392488121986389
0.9997727274894714
0.9997685551643372
0.47745785117149353
0.999760091304779
0.7046703100204468
0.478347510099411
0.7270495891571045
0.47894081473350525
0.8792988061904907
0.9385393857955933
0.47983071208000183
0.7066881060600281
0.48042407631874084
0.8792287707328796
0.9997074007987976
0.9997020363807678
0.4816110134124756
0.7071757316589355
0.4822046160697937
0.7034724354743958
0.48279812932014465
0.6997420787811279
0.39083826541900635
0.483688622713089
0.4360482394695282
0.4319969415664673
0.4845791459083557
0.928612470626831
0.3712061643600464
0.36797329783439636
0.3647520840167999
0.4860636591911316
0.6787583827972412
0.3551619350910187
0.35199034214019775
0.34883207082748413
0.3456867039203644
0.34255489706993103
0.8827984929084778
0.8815214037895203
0.8802324533462524
0.8789311647415161
0.8776178359985352
0.87629234790802
0.874954342842102
0.8736040592193604
0.8722413778305054
0.870866060256958
0.869478166103363
0.6908482909202576
0.8666645288467407
0.7986552119255066
0.7227368354797363
0.8623479008674622
0.891893208026886
0.8594053983688354
0.7110816836357117
0.7081227898597717
0.8548930287361145
0.7076380848884583
0.6907356977462769
0.8502610921859741
0.9833870530128479
0.8471060395240784
0.8455081582069397
0.6906843781471252
0.9292041659355164
0.840632438659668
0.8324578404426575
0.8373132944107056
0.8356329202651978
0.7157866954803467
0.7172446846961975
0.829907238483429
0.9999886751174927
0.822505533695221
0.8187111020088196
0.8148537278175354
0.8109332919120789
0.7007690668106079
0.6932514309883118
0.7096529603004456
0.7315719723701477
0.7903773784637451
0.786074697971344
0.6996626257896423
0.7213543653488159
0.7385607957839966
0.7682254910469055
0.7156001329421997
0.7589195370674133
0.6920854449272156
0.7073602676391602
0.7000840306282043
0.7395551204681396
0.6903771162033081
0.7295032739639282
0.7271404266357422
0.7192108035087585
0.7512866854667664
0.6357307434082031
0.7574940919876099
0.7219942212104797
0.9634337425231934
0.9451780319213867
0.6943221688270569
0.5958521962165833
0.6700825691223145
0.6643593907356262
0.6585873961448669
0.568507730960846
0.6469026207923889
0.6409926414489746
0.6350395083427429
0.6901823282241821
0.7754732370376587
0.6169370412826538
0.9523470401763916
0.6046825051307678
0.7458115816116333
0.7816601395606995
0.4916348457336426
0.7498721480369568
0.5734962821006775
0.5671798586845398
0.9999529123306274
0.755218505859375
0.5481064915657043
0.4426915943622589
0.5353086590766907
0.999945878982544
0.5224639177322388
0.5160293579101562
0.7753134965896606
0.7765613794326782
0.799477756023407
0.7975519299507141
0.6899465918540955
0.47738510370254517
0.4709581136703491
0.3617940843105316
0.9999264478683472
0.8074115514755249
0.7556237578392029
0.6898748278617859
0.7795453071594238
0.808894157409668
0.31769874691963196
0.9420109987258911
0.8122007846832275
0.8132931590080261
0.7868573069572449
0.6897927522659302
0.9998972415924072
0.3768474757671356
0.8186815977096558
0.7569542527198792
0.8208028078079224
0.8218560814857483
0.8256778717041016
0.8239481449127197
0.82498699426651
0.9998679161071777
0.827049970626831
0.8280742764472961
0.7989910840988159
0.9999772310256958
0.8010784387588501
0.9999761581420898
0.59742271900177
0.6938339471817017
0.6890776753425598
0.698553204536438
0.7777925133705139
0.45744189620018005
0.6419788599014282
0.45789775252342224
0.9999707937240601
0.6342040300369263
0.631596565246582
0.9999687671661377
0.9999675750732422
0.9999663829803467
0.6423261761665344
0.5643272399902344
0.6716969013214111
0.6289547085762024
0.7162048816680908
0.6268366575241089
0.7064905762672424
0.6262530088424683
0.6259610056877136
0.9999520778656006
0.46177539229393005
0.9999486207962036
0.6604620814323425
0.6524545550346375
0.5351620316505432
0.46291685104370117
0.6138695478439331
0.6406276822090149
0.6111876964569092
0.6054012775421143
0.6467435359954834
0.9999266862869263
0.6507943868637085
0.6071102619171143
0.9999184608459473
0.48294201493263245
0.9999141693115234
0.6608257293701172
0.6176592707633972
0.999907374382019
0.6106486916542053
0.5014560222625732
0.9998999834060669
0.4386853575706482
0.6746289730072021
0.42774465680122375
0.683293342590332
0.41687414050102234
0.4114683270454407
0.6843078136444092
0.4007216691970825
0.948340892791748
0.4321059286594391
0.6919378638267517
0.4196993410587311
0.6418424248695374
0.6702589988708496
0.3639134168624878
0.3587717115879059
0.7077540159225464
0.8841409087181091
0.3435443043708801
0.7132388949394226
0.6685960292816162
0.9998247027397156
0.35363560914993286
0.6744776964187622
0.665974497795105
0.7196094393730164
0.3045383095741272
0.29984012246131897
0.2951837182044983
0.7310692071914673
0.2859983444213867
0.281470388174057
0.47435009479522705
0.7337307929992676
0.7397167682647705
0.6683458685874939
0.2594979405403137
0.9997362494468689
0.25102752447128296
0.24686188995838165
0.6693776845932007
0.7515166997909546
0.23464617133140564
0.7263171672821045
0.7140568494796753
0.7158682942390442
0.9996681213378906
0.22489088773727417
0.22049909830093384
0.764556884765625
0.20415900647640228
0.7677419185638428
0.741928219795227
0.19946861267089844
0.7724628448486328
0.1914892941713333
0.18759186565876007
0.7003800272941589
0.1799808293581009
0.7404866814613342
0.704457700252533
0.7832133173942566
0.7455781102180481
0.1610899418592453
0.7489355802536011
0.15515869855880737
0.7870041728019714
0.7539162039756775
0.14659753441810608
0.9994031190872192
0.48305797576904297
0.13843128085136414
0.13579539954662323
0.13320185244083405
0.4839753210544586
0.7791042923927307
0.1256718933582306
0.4846632778644562
0.7027707695960999
0.9999523162841797
0.8851737976074219
0.6990197896957397
0.869839072227478
0.9999508857727051
0.9999505281448364
0.8731255531311035
0.6927087903022766
0.691437840461731
0.970174252986908
0.8611963391304016
0.8582876324653625
0.6963017582893372
0.8523176312446594
0.698180079460144
0.8584685921669006
0.9627429842948914
0.8397548794746399
0.7019168138504028
0.702846884727478
0.8297756910324097
0.7047019004821777
0.822852373123169
0.8193086385726929
0.8504095077514648
0.7083916664123535
0.8083467483520508
0.71022629737854
0.8612881302833557
0.9439862370491028
0.7129653692245483
0.9999402761459351
0.8429319262504578
0.9366120100021362
0.8554593920707703
0.6560673117637634
0.839080274105072
0.7638595104217529
0.7594805955886841
0.755046546459198
0.6493074297904968
0.8309580683708191
0.7237656116485596
0.6452224254608154
0.7320599555969238
0.9087478518486023
0.7273093461990356
0.7176291346549988
0.9002317786216736
0.897239625453949
0.8098148703575134
0.7316988110542297
0.7325713038444519
0.7334420084953308
0.8369043469429016
0.7972210049629211
0.43213367462158203
0.8287687301635742
0.7377684116363525
0.6554906368255615
0.6216867566108704
0.7813012003898621
0.6389697194099426
0.8039177656173706
0.6010831594467163
0.5955832004547119
0.436122328042984
0.7454408407211304
0.5789437890052795
0.5991772413253784
0.5933701992034912
0.5621231198310852
0.7548552751541138
0.7518901824951172
0.7513052225112915
0.7931756377220154
0.7529640197753906
0.753790557384491
0.7546153664588928
0.7554382681846619
0.7576192021369934
0.9997420907020569
0.9997333884239197
0.7587110996246338
0.7686225175857544
0.5040196776390076
0.761146068572998
0.4709375500679016
0.777644157409668
0.7222354412078857
0.7691141366958618
0.7651667594909668
0.9996297359466553
0.43691468238830566
0.9996045231819153
0.42568856477737427
0.730888307094574
0.41453859210014343
0.7707163691520691
0.7715016007423401
0.772284984588623
0.3925096094608307
0.7738459706306458
0.7746236324310303
0.37626510858535767
0.7761732935905457
0.7004550099372864
0.6970959901809692
0.77784264087677
0.6116432547569275
0.7735023498535156
0.6834502816200256
0.3343638479709625
0.9992616772651672
0.6966888308525085
0.7623909711837769
0.9991851449012756
0.570489227771759
0.4569859504699707
0.2997033894062042
0.9990707635879517
0.9990397095680237
0.4585981070995331
0.9989745616912842
0.659529983997345
0.7390644550323486
0.9988683462142944
0.5918564200401306
0.806396484375
0.5880473256111145
0.5861389636993408
0.584227979183197
0.9999200105667114
0.5803982019424438
0.8348318934440613
0.5012583136558533
0.5746356844902039
0.9999126195907593
0.8298368453979492
0.8162927031517029
0.5669208765029907
0.564987063407898
0.5630510449409485
0.9999028444290161
0.5591735243797302
0.8215231895446777
0.5552887320518494
0.8141070604324341
0.5513973236083984
0.5494491457939148
0.8041439056396484
0.8266364336013794
0.7316006422042847
0.7937823534011841
0.9998821020126343
0.9268544316291809
0.5357728004455566
0.5338141918182373
0.531854510307312
0.9201422333717346
0.7680485844612122
0.5259697437286377
0.7165864706039429
0.5220425724983215
0.9998594522476196
0.9998569488525391
0.9998544454574585
0.7401547431945801
0.699968695640564
0.9998464584350586
0.5082788467407227
0.9998409748077393
0.7189452052116394
0.8443958163261414
0.8991058468818665
0.8975706100463867
0.6953590512275696
0.4945025146007538
0.49253466725349426
0.6875485181808472
0.6829097867012024
0.5148481726646423
0.6821293234825134
0.9998037219047546
0.8527044653892517
0.4787697494029999
0.9997931122779846
0.4748418927192688
0.47287896275520325
0.671534538269043
0.4689561128616333
0.6697722673416138
0.9997699856758118
0.6725010275840759
0.661588728427887
0.4591662883758545
0.4572119116783142
0.9997437596321106
0.5198660492897034
0.5539345741271973
0.8519840836524963
0.5389890074729919
0.6546874642372131
0.8661882877349854
0.8433020710945129
0.8675451278686523
0.5013759136199951
0.4938376545906067
0.9996436834335327
0.8702239990234375
0.47125381231307983
0.6482608318328857
0.6357824206352234
0.8728565573692322
0.4413394629955292
0.6488282084465027
0.6487122178077698
0.6367344260215759
0.8096372485160828
0.8070327043533325
0.8044012188911438
0.801742672920227
0.7990570664405823
0.7963442206382751
0.7936042547225952
0.5278269052505493
0.7880429029464722
0.8817135095596313
0.7823724746704102
0.7794967293739319
0.7765936255455017
0.32118239998817444
0.770706295967102
0.7677220106124878
0.6466196775436401
0.7616724967956543
0.6344925761222839
0.3173142969608307
0.5316550731658936
0.749252200126648
0.7460806965827942
0.2998805046081543
0.6456877589225769
0.24783553183078766
0.7331324219703674
0.5337149500846863
0.7265030145645142
0.7231502532958984
0.7197719216346741
0.7163687348365784
0.2627454400062561
0.6360499262809753
0.535773515701294
0.7025094032287598
0.24722397327423096
0.9907481074333191
0.7695649862289429
0.9900956153869629
0.41715478897094727
0.7608529925346375
0.9890304207801819
0.9886507987976074
0.9882580637931824
0.9878519773483276
0.7695445418357849
0.7847515344619751
0.9865487217903137
0.7728301882743835
0.7998231649398804
0.3837166130542755
0.9845945835113525
0.7843403816223145
0.9836507439613342
0.7487087249755859
0.746317982673645
0.7439122796058655
0.9820564389228821
0.7390561699867249
0.8014825582504272
0.7341409921646118
0.35134318470954895
0.7860936522483826
0.7266582250595093
0.7241348624229431
0.7215973138809204
0.7190454006195068
0.7164794206619263
0.7138991951942444
0.7113050818443298
0.7086968421936035
0.7060748338699341
0.7034391164779663
0.7007898092269897
0.698127031326294
0.6954508423805237
0.6927613615989685
0.6900585889816284
0.6873428225517273
0.6846141815185547
0.6792870163917542
0.6734882593154907
0.9680379033088684
0.7846702337265015
0.6557766199111938
0.6497719883918762
0.6437197923660278
0.9641664624214172
0.6314775943756104
0.7809010744094849
0.2727951109409332
0.8700711131095886
0.7787384390830994
0.6001526117324829
0.5937788486480713
0.3841692805290222
0.9560337066650391
0.9550279974937439
0.9540005326271057
0.7794704437255859
0.7785847783088684
0.9507822394371033
0.9496628046035767
0.9485191702842712
0.9473511576652527
0.2367658168077469
0.9449396133422852
0.9436951279640198
0.9424242973327637
0.9411265254020691
0.9398012757301331
0.4823185205459595
0.9370670318603516
0.7595609426498413
0.9342169761657715
0.9327474236488342
0.9312474131584167
0.9297165274620056
0.9281542301177979
0.9265598654747009
0.7512704730033875
0.4168601334095001
0.7591227889060974
0.9198518395423889
0.9180894494056702
0.3915744125843048
0.8906522393226624
0.9125889539718628
0.37259024381637573
0.7586734294891357
0.39281362295150757
0.9047361016273499
0.3563700020313263
0.9005774855613708
0.7469648122787476
0.8962579965591431
0.8940366506576538
0.39455074071884155
0.8894678950309753
