0.9930095672607422
0.9945030212402344
0.9389499425888062
0.00362789211794734
0.006430384237319231
0.9587757587432861
0.09408029913902283
0.9835694432258606
0.9912646412849426
0.9866161346435547
0.37390926480293274
0.9749674201011658
0.9812223315238953
0.014063369482755661
0.978236198425293
0.4457363784313202
0.9617278575897217
0.0422736331820488
0.9561944603919983
0.029593918472528458
0.09110047668218613
0.6072475910186768
0.878752589225769
0.27993467450141907
0.15089592337608337
0.10574532300233841
0.7077150940895081
0.9991165995597839
0.04653953015804291
0.9528305530548096
0.48043179512023926
0.9806139469146729
0.040116459131240845
0.9577599167823792
0.9644660949707031
0.1815892606973648
0.9990217685699463
0.9642403721809387
0.006847865879535675
0.006070923991501331
0.4372459053993225
0.00765675725415349
0.9968155026435852
0.23304800689220428
0.720708429813385
0.0009003703598864377
0.0042444560676813126
0.9791408181190491
0.9575390815734863
0.019597267732024193
0.9916988611221313
0.9782649278640747
0.0037401453591883183
0.8829215168952942
0.9764714241027832
0.9474437236785889
0.9701927900314331
0.9605827927589417
0.08939521014690399
0.9977917671203613
0.9833871722221375
0.9818867444992065
0.9727847576141357
0.9836311340332031
0.7817390561103821
0.9917952418327332
0.0005345516838133335
0.9062236547470093
0.12014931440353394
0.9952957034111023
0.9658035039901733
0.4297965466976166
0.9928807020187378
0.08025215566158295
0.9656769633293152
0.9451380968093872
0.9449003338813782
0.9666889905929565
0.48959630727767944
0.12843641638755798
0.9998891353607178
0.06833073496818542
0.2524420917034149
0.9002746343612671
0.031111573800444603
0.06625581532716751
0.9924557209014893
0.005459409207105637
0.07085718959569931
0.5432287454605103
0.9174230098724365
0.9428586959838867
0.06262294203042984
0.9216923713684082
0.010790052823722363
0.9236791133880615
0.12508466839790344
0.7047038078308105
0.8285739421844482
0.988657534122467
0.9998810291290283
0.014256407506763935
0.9587615132331848
0.09885420650243759
0.8721053004264832
0.894809365272522
0.6784414649009705
0.9847016930580139
0.5198231339454651
0.9681015610694885
0.06554371118545532
0.00976248737424612
0.027678539976477623
0.09833872318267822
0.14544105529785156
0.16511203348636627
0.07652850449085236
0.9701330065727234
0.019758867099881172
0.0003452484088484198
0.0009470139048062265
0.807098388671875
0.6728935837745667
0.0003350660263095051
0.00045516534009948373
0.00034528199466876686
0.0009053318062797189
0.00045940224663354456
0.003146188799291849
0.02350771240890026
0.0003686233831103891
0.029341362416744232
0.002799383830279112
0.023353086784482002
0.006679445505142212
0.02905094623565674
0.00040326162707060575
0.0006620576605200768
0.024999914690852165
0.8982253074645996
0.007946248166263103
0.0031483550556004047
0.9773462414741516
0.004716712515801191
0.1867412030696869
0.00032590870978310704
0.9794371724128723
0.981016218662262
0.02423148788511753
0.9820917248725891
0.7269643545150757
0.00029025989351794124
0.9810003042221069
0.01330877561122179
0.00035064059193246067
0.04877733066678047
0.32810720801353455
0.0011815463658422232
0.12488609552383423
0.0019273491343483329
0.0004575758066494018
0.9764896035194397
0.9696816205978394
0.0008340647909790277
0.9003252983093262
0.004400982055813074
0.0003424480091780424
0.00965529028326273
0.0010806713253259659
0.005581584293395281
0.9577359557151794
0.9392943978309631
0.977403461933136
0.0003141146735288203
0.0008033984922803938
0.9275492429733276
0.07517499476671219
0.9680964350700378
0.006270767189562321
0.9717451930046082
0.0004739335854537785
0.13150528073310852
0.05770896375179291
0.005125212017446756
0.003850626992061734
0.08875629305839539
0.00031698797829449177
0.9725142121315002
0.0002926336892414838
0.9654030203819275
0.2630067467689514
0.9728665351867676
0.9671708345413208
0.9708439111709595
0.2983032464981079
0.03598656505346298
0.19451111555099487
0.0058518354780972
0.005853347480297089
0.00024235271848738194
0.11914187669754028
0.0003756654041353613
0.00031777104595676064
0.02285606600344181
0.8716516494750977
0.9680342078208923
0.0002871186879929155
0.9841924905776978
0.0002528902841731906
0.9595835208892822
0.9684792757034302
0.18753279745578766
0.970637321472168
0.0015697283670306206
0.0033370291348546743
0.7576239705085754
0.9432249665260315
0.025075457990169525
0.41809749603271484
0.0002229445963166654
0.8212963938713074
0.00041908639832399786
0.01665138639509678
0.0077568539418280125
0.029565121978521347
0.9642128944396973
0.9653245806694031
0.30756622552871704
0.0038645879831165075
0.006869995500892401
0.255003422498703
0.7372003197669983
0.9614124298095703
0.9264658093452454
0.9512383937835693
0.9567131400108337
0.9740503430366516
0.22643746435642242
0.9969791173934937
0.9623497128486633
0.9542164206504822
0.6917078495025635
0.17578206956386566
0.8241119384765625
0.0004701960424426943
0.9746767282485962
0.01903028041124344
0.9509952068328857
0.9720235466957092
0.9620713591575623
0.9500061869621277
0.9643065929412842
0.7886998057365417
0.9591736793518066
0.9602143168449402
0.5586628913879395
0.6682226061820984
0.18530073761940002
0.7037028074264526
0.000974070280790329
0.9650321006774902
0.9059197902679443
0.9320934414863586
0.08282089978456497
0.9026117324829102
0.9671439528465271
0.11570774763822556
0.8342148661613464
0.9492412209510803
0.9716454744338989
0.7847277522087097
0.2110765129327774
0.7449911832809448
0.9592846035957336
0.0008440960082225502
0.00775413541123271
0.9500865936279297
0.17720404267311096
0.9560336470603943
0.07516871392726898
0.9707146286964417
0.8731180429458618
0.4423849582672119
0.10141825675964355
0.8110513687133789
0.09317038953304291
0.17377343773841858
0.0004229452752042562
0.9363899230957031
0.8267157077789307
0.911202609539032
0.20777618885040283
0.007994106970727444
0.9361664056777954
0.7165184020996094
0.926089346408844
0.9467700719833374
0.12931910157203674
0.00046271824976429343
0.38057443499565125
0.8609880208969116
0.9210354685783386
0.12393447756767273
0.8876238465309143
0.08817219734191895
0.43262895941734314
0.015714798122644424
0.4931420683860779
0.00041847763350233436
0.9197026491165161
0.0003701086388900876
0.008351464755833149
0.905511736869812
0.0015626283129677176
0.9920520782470703
0.11364277452230453
0.8866731524467468
0.2187107801437378
0.8522847294807434
0.9621160626411438
0.0059627047739923
0.0015806773444637656
0.9048333764076233
0.9709184169769287
0.0002951202914118767
0.9514952898025513
0.9293720722198486
0.3854985535144806
0.3363424837589264
0.4637691378593445
0.836821973323822
0.9105640053749084
0.006662985775619745
0.0032333172857761383
0.000554378202650696
0.864155650138855
0.0007060468778945506
0.0005583372549153864
0.9224203824996948
0.9255039095878601
0.890224039554596
0.9156154990196228
0.018044186756014824
0.2854645252227783
0.0005440029199235141
0.0003245707484893501
0.022580495104193687
0.855435311794281
0.0004624858556780964
0.9700778126716614
0.4495314657688141
0.8841918110847473
0.6166746616363525
0.1376379430294037
0.15136827528476715
0.9148465991020203
0.009931639768183231
0.867838442325592
0.7321061491966248
0.10582955926656723
0.8317691087722778
0.1339220255613327
0.10172201693058014
0.8808585405349731
0.22696150839328766
0.9164619445800781
0.705350935459137
0.8035973310470581
0.7943037152290344
0.0004587974399328232
0.7629254460334778
0.0009793357457965612
0.9504625797271729
0.837036669254303
0.0005012187175452709
0.48564645648002625
0.14533953368663788
0.006606987211853266
0.0006830442580394447
0.00043757649837061763
0.12180595099925995
0.04795384779572487
0.00048626906936988235
0.050568629056215286
0.01812509447336197
0.603675365447998
0.19515322148799896
0.000441427924670279
0.8021189570426941
0.4416171610355377
0.5946425199508667
0.04882964491844177
0.0002580568543635309
0.0004984517581760883
0.9743177890777588
0.1360178142786026
0.1252518594264984
0.11877218633890152
0.12452048063278198
0.8996899127960205
0.7989672422409058
0.9756395220756531
0.3112108111381531
0.9086058139801025
0.9912477135658264
0.2412678450345993
0.05662606656551361
0.20365993678569794
0.1498175412416458
0.9048739671707153
0.9877820611000061
0.1372033655643463
0.15207384526729584
0.6675313115119934
0.9860829710960388
0.05537739023566246
0.16335396468639374
0.8368767499923706
0.9864457249641418
0.6839361190795898
0.0012576968874782324
0.7528114318847656
0.06158916652202606
0.215060755610466
0.2106979340314865
0.003994861152023077
0.772736132144928
0.19417865574359894
0.0006719870725646615
0.059426940977573395
0.9522150754928589
0.3711334764957428
0.11239120364189148
0.957893431186676
0.9903172254562378
0.7501187324523926
0.6939284205436707
0.1653517633676529
0.16599592566490173
0.7821378111839294
0.7631483674049377
0.9016361236572266
0.7147126793861389
0.09901619702577591
0.23300106823444366
0.009686230681836605
0.7260237336158752
0.2548292875289917
0.02926940843462944
0.0007616974180564284
0.0005259875324554741
0.09425021708011627
0.05652041360735893
0.0006898288265801966
0.16440875828266144
0.26269298791885376
0.015307310968637466
0.701396644115448
0.8061538338661194
0.9944013953208923
0.011184647679328918
0.97982257604599
0.9821587204933167
0.9847357273101807
0.9795473217964172
0.8904193043708801
0.20728278160095215
0.017637331038713455
0.9799331426620483
0.8344136476516724
0.15210643410682678
0.9813587069511414
0.0027747154235839844
0.010797623544931412
0.9797907471656799
0.8238248229026794
0.978775143623352
0.09516002237796783
0.0004718420677818358
0.08928726613521576
0.00038425030652433634
0.00613481504842639
0.0006654977332800627
0.9790496230125427
0.9948577880859375
0.9818858504295349
0.008506648242473602
0.9793047308921814
0.9947803616523743
0.0020955088548362255
0.9774878025054932
0.5994263887405396
0.6061151027679443
0.9772712588310242
0.9804405570030212
0.8720985054969788
0.7578023672103882
0.007275671232491732
0.26456063985824585
0.6095605492591858
0.9785796403884888
0.10325043648481369
0.9835547804832458
0.8912912607192993
0.013485550880432129
0.0933404415845871
0.15684153139591217
0.05064959451556206
0.09909767657518387
0.8904293179512024
0.9838659167289734
0.2526724934577942
0.0002557980769779533
0.9757271409034729
0.006826421245932579
0.00037110174889676273
0.010859357193112373
0.14398854970932007
0.009140685200691223
0.1821795552968979
0.8824415802955627
0.013723468407988548
0.07899496704339981
0.262999564409256
0.9775537848472595
0.0007265591993927956
0.0009944167686626315
0.0006028069765307009
0.13706360757350922
0.0005431659519672394
0.9797662496566772
0.0033605715725570917
0.2536642253398895
0.00027774032787419856
0.00030006171436980367
0.4831877052783966
0.9772526621818542
0.6387905478477478
0.23607976734638214
0.4252816438674927
0.9836017489433289
0.011480966582894325
0.0003321204276289791
0.0035035666078329086
0.9830080270767212
0.09062299877405167
0.0006265992415137589
0.6743770241737366
0.0005623474717140198
0.2236247956752777
0.11188801378011703
0.07373884320259094
0.1585507094860077
0.002138438168913126
0.19202108681201935
0.0004289763455744833
0.07453078776597977
0.11271984130144119
0.9788495898246765
0.9780493378639221
0.9821828007698059
0.010816637426614761
0.00029272912070155144
0.0006499896408058703
0.13220582902431488
0.2885039746761322
0.5184017419815063
0.009508512914180756
0.15847307443618774
0.9723345041275024
0.0004075824690517038
0.1217523142695427
0.015092078596353531
0.00048436917131766677
0.2979418933391571
0.00041149818571284413
0.46743452548980713
0.06544038653373718
0.5745155811309814
0.6562392711639404
0.008110971190035343
0.014678440056741238
0.03049754910171032
0.700385332107544
0.08420132100582123
0.9825010895729065
0.2567293643951416
0.5027344226837158
0.9792007207870483
0.9812657237052917
0.9779079556465149
0.20305192470550537
0.19037476181983948
0.06831855326890945
0.970529317855835
0.15895266830921173
0.01157122477889061
0.6032711863517761
0.16205431520938873
0.08365508168935776
0.011709237471222878
0.8651304841041565
0.47811946272850037
0.9516037702560425
0.9833927750587463
0.9870016574859619
0.9944638609886169
0.9924476146697998
0.9845321774482727
0.9827537536621094
0.8016648292541504
0.9833367466926575
0.969273567199707
0.9871395230293274
0.9828981161117554
0.9708448052406311
0.3445206582546234
0.9511884450912476
0.9832022786140442
0.019141530618071556
0.9526752829551697
0.012718870304524899
0.000961621874012053
0.4827324450016022
0.9635541439056396
0.9752584099769592
0.018172847107052803
0.4050193130970001
0.02834518998861313
0.9752731323242188
0.416036456823349
0.9619603753089905
0.9803839325904846
0.9822244048118591
0.9807527661323547
0.0004328573413658887
0.5290793180465698
0.7396007776260376
0.9858668446540833
0.013631172478199005
0.9512908458709717
0.014952218160033226
0.9901232123374939
0.0003130969125777483
0.4363477826118469
0.9809359312057495
0.9759835600852966
0.9831952452659607
0.9819112420082092
0.07118513435125351
0.4369778037071228
0.9831249713897705
0.45319095253944397
0.7692086696624756
0.0003496445424389094
0.990147054195404
0.011963504366576672
0.9811632037162781
0.23211972415447235
0.057101257145404816
0.29052138328552246
0.981919527053833
0.25518500804901123
0.13395017385482788
0.30196890234947205
0.003801052924245596
0.1550028920173645
0.015158436261117458
0.3291960656642914
0.18482337892055511
0.2505907416343689
0.015612090937793255
0.5465469360351562
0.2291536182165146
0.014726822264492512
0.30638283491134644
0.06416374444961548
0.21333949267864227
0.015079517848789692
0.6564190983772278
0.31603848934173584
0.18767152726650238
0.013009960763156414
0.06253872066736221
0.012494781985878944
0.3207273483276367
0.9817267656326294
0.4235113263130188
0.2321872115135193
0.6435021162033081
0.31327852606773376
0.9823740720748901
0.018804840743541718
0.770297110080719
0.0007698558620177209
0.9637117981910706
0.3477509915828705
0.39236897230148315
0.0895027220249176
0.8930399417877197
0.9792120456695557
0.9802950024604797
0.9904457330703735
0.09257388114929199
0.42265692353248596
0.9935880899429321
0.9907541275024414
0.990780770778656
0.9971275925636292
0.015110427513718605
0.9803723692893982
0.9946457147598267
0.994674801826477
0.9816256761550903
0.980872631072998
0.5058198571205139
0.9796257615089417
0.011768350377678871
0.9677592515945435
0.9829583764076233
0.9828899502754211
0.980006754398346
0.9546418786048889
0.9817162156105042
0.3475840091705322
0.03781236708164215
0.5739913582801819
0.9823840856552124
0.9816820025444031
0.9492172598838806
0.936747670173645
0.9828134775161743
0.10774551331996918
0.0337781198322773
0.9323086142539978
0.9828404188156128
0.4591752886772156
0.9808385372161865
0.1037403792142868
0.9829188585281372
0.9816592335700989
0.948135495185852
0.9828541278839111
