0.05147340148687363
0.1675979495048523
0.25331687927246094
0.5899692177772522
0.8261061906814575
0.5288280844688416
0.585955023765564
0.01962810941040516
0.8357453942298889
0.36430999636650085
0.7044362425804138
0.5264485478401184
0.0005722217028960586
0.9698914885520935
0.4083287715911865
0.9410822987556458
0.6594546437263489
0.5949013829231262
0.8960279226303101
0.863900899887085
0.8641163110733032
3.248704524594359e-05
0.9857217073440552
0.7803565859794617
0.769707441329956
0.935929536819458
2.870373966457395e-17
0.5875111222267151
0.7125394940376282
0.41134947538375854
0.008586902171373367
0.11025284230709076
0.4152946472167969
0.5391895771026611
0.08687857538461685
2.5992951123043895e-05
8.168611186770702e-13
0.943799614906311
0.6792669296264648
0.6401093006134033
0.6267410516738892
0.8095316290855408
0.42865532636642456
0.33470219373703003
0.9968414306640625
0.0001650953636271879
0.6479279398918152
0.5841114521026611
0.024802958592772484
0.7063900232315063
0.7468835711479187
0.00034800072899088264
0.864319920539856
1.0
0.00499805947765708
0.001485178479924798
0.3561359941959381
0.7069348692893982
0.880161702632904
0.12915022671222687
0.045561470091342926
0.000612420670222491
0.7600134611129761
0.00235322630032897
0.9222659468650818
0.33602243661880493
0.8522388935089111
0.7052188515663147
0.7324134707450867
0.9973878264427185
0.25222212076187134
0.6671758890151978
0.45804500579833984
0.842098593711853
0.7229688167572021
0.5755493640899658
0.9874740839004517
0.49351486563682556
0.844104528427124
0.8248900771141052
0.7991763949394226
0.9335609674453735
0.8079949617385864
0.9999696016311646
0.6631460785865784
0.5253631472587585
0.828686535358429
1.0
0.6636967062950134
0.8101487159729004
0.5392938256263733
0.8432909250259399
0.709208071231842
0.8909319639205933
1.99874688505642e-37
0.8034144639968872
0.3141109049320221
0.8311623930931091
0.9617736339569092
0.03161609545350075
0.9968701004981995
0.9030104875564575
0.48738473653793335
0.8255264759063721
0.9791130423545837
0.49857866764068604
0.9409618377685547
0.0060214269906282425
0.48187172412872314
0.9669332504272461
0.8530692458152771
0.6841124892234802
0.9480659365653992
0.9689318537712097
0.5674073696136475
0.9485806822776794
0.668205201625824
0.5153790712356567
0.9995326995849609
0.00032331779948435724
0.6870628595352173
0.9861981272697449
0.7864319086074829
0.0011244671186432242
0.26884615421295166
0.13298407196998596
0.7552734017372131
0.6585124135017395
0.991141676902771
0.9874256253242493
4.6355910399142886e-07
0.9895892143249512
0.529935359954834
0.997465968132019
0.6038762331008911
0.8332219123840332
0.3456672132015228
0.8440181016921997
0.34760862588882446
0.5537011027336121
0.9923502802848816
0.987453043460846
0.8896877765655518
0.5432040095329285
0.3082717955112457
0.24279086291790009
0.8453930616378784
0.7239059209823608
0.9687861800193787
1.4888756041075946e-16
0.9682988524436951
0.531302273273468
0.644534170627594
0.9783813953399658
0.21427035331726074
0.9673359990119934
0.4710216820240021
0.6117449402809143
0.32797515392303467
0.8780422210693359
0.02462802082300186
0.7867071032524109
7.235288479456869e-10
0.6008227467536926
0.8620621562004089
0.8607519865036011
0.35053423047065735
0.9910911321640015
0.8279777765274048
0.7529750466346741
0.26188015937805176
0.05094867944717407
0.9256027340888977
0.19531108438968658
0.6420117616653442
0.03402433544397354
0.976787805557251
0.010493367910385132
0.9996142387390137
0.028994373977184296
4.2493603080728803e-10
0.007516889367252588
0.9980581402778625
0.49974074959754944
0.9047688841819763
0.5485205054283142
0.8970094323158264
0.5447864532470703
0.001058044726960361
0.09270257502794266
0.9664244651794434
0.573857307434082
0.8013715147972107
0.9779747724533081
0.6092729568481445
0.9564504623413086
0.999985933303833
0.9999077320098877
0.9555945992469788
0.007787994109094143
6.63117243675515e-05
0.0006910546217113733
0.39004915952682495
0.5030414462089539
0.05705305188894272
0.7719491124153137
0.0008966594468802214
0.5722149610519409
0.4431830942630768
0.17633013427257538
0.8360909223556519
0.11286675930023193
0.5209846496582031
0.7939354777336121
0.9387913942337036
0.6272842288017273
0.05116705223917961
0.7705945372581482
0.9810447096824646
0.13368234038352966
0.8792626261711121
0.18404512107372284
0.9269598126411438
0.8170124888420105
0.9988603591918945
0.1671850085258484
0.8718260526657104
0.5090335607528687
0.8612309098243713
0.9986814856529236
0.9659938216209412
0.7725254893302917
0.4699130058288574
0.2753966450691223
3.33473326463718e-05
0.6566686034202576
0.90896075963974
0.6918586492538452
0.7659504413604736
0.029323628172278404
0.010758614167571068
0.790957510471344
0.9905996918678284
0.9627723097801208
0.08555172383785248
0.6353575587272644
0.5613874793052673
0.23636001348495483
0.608839750289917
0.6670217514038086
0.17029792070388794
0.08958390355110168
0.9296497702598572
0.9810429811477661
0.1862517148256302
0.9920302629470825
0.30927735567092896
0.5371072888374329
0.5607287287712097
0.9812368154525757
0.8772657513618469
1.4504225077927035e-11
0.8249825239181519
0.9685853719711304
0.818656861782074
0.7848280668258667
0.5285888910293579
8.663759813731797e-12
0.933108389377594
0.9850186705589294
0.9570416808128357
0.5877861976623535
0.8588745594024658
0.9195849299430847
0.9724636077880859
0.9989750385284424
7.856890593856136e-13
0.9890143275260925
0.9971252083778381
0.9512993693351746
0.7204724550247192
0.98423832654953
0.0376334972679615
0.9861158132553101
0.9550606608390808
0.8736371397972107
0.5064250826835632
0.9588088393211365
0.01665719598531723
0.014389658346772194
0.10746075212955475
0.03517064452171326
0.9838231205940247
0.3621740937232971
0.7674795389175415
0.9259738326072693
0.7398687601089478
0.802958071231842
0.015670208260416985
0.004238911438733339
0.9402585625648499
0.8871179819107056
0.8647512197494507
0.03870747983455658
0.9874940514564514
0.7181888222694397
0.802437961101532
0.9862494468688965
0.0034481938928365707
0.7949436902999878
0.7890948057174683
0.9695037603378296
0.005582735873758793
0.9080321192741394
1.7410266082151793e-05
0.5994225740432739
0.036918286234140396
0.41101810336112976
0.010141951031982899
0.8124784231185913
0.9999997615814209
0.9314178228378296
0.919314444065094
0.9996154308319092
0.005001240409910679
0.8813318014144897
0.9992430210113525
0.4686056971549988
0.9991224408149719
0.9543541669845581
8.172666525751993e-07
0.10953748226165771
0.9997660517692566
0.9330279231071472
0.2730284333229065
0.36461764574050903
0.6255977749824524
0.1747327446937561
0.7401877641677856
0.5960737466812134
8.432262200700658e-22
0.7008565664291382
0.5079243779182434
0.5633731484413147
0.011247147805988789
0.17585495114326477
0.9893271923065186
8.228337537730113e-05
0.03822777047753334
0.18255457282066345
1.0
0.9006848931312561
0.6193791031837463
0.9277908802032471
0.9916352033615112
0.9892069101333618
0.9607310891151428
0.8249825239181519
0.2965204417705536
0.9844183921813965
0.334888219833374
0.0003086819197051227
0.9423531293869019
0.39620697498321533
0.5722149610519409
0.7265592217445374
2.019062048930209e-05
6.69892230575897e-08
0.5033174157142639
0.0011006214190274477
4.769592851516791e-05
0.9384925961494446
0.5718604922294617
0.33660727739334106
0.658608078956604
0.10795848816633224
0.9923567771911621
0.9997220635414124
0.4311695992946625
0.00018770361202768981
0.9660467505455017
0.6916278004646301
0.05762514844536781
0.7569921016693115
0.7931042909622192
0.58027583360672
0.5128925442695618
0.11671268939971924
0.3279697299003601
0.2598437964916229
0.952397882938385
0.6334797143936157
0.7676488757133484
0.9120575189590454
0.8355373740196228
0.8856584429740906
0.59932541847229
0.6611538529396057
0.1556716114282608
0.6951202154159546
0.7930616736412048
0.6358900666236877
0.9240002036094666
0.8045225143432617
0.6716709733009338
0.6106581687927246
0.6449649930000305
0.6907980442047119
0.5522589683532715
1.0719077847554104e-09
0.9986568689346313
0.9488265514373779
0.8762689828872681
0.6488402485847473
0.991080105304718
0.6783707141876221
0.08401129394769669
0.13486871123313904
0.963126003742218
0.015290285460650921
0.8162589073181152
0.5217751264572144
0.015972217544913292
0.5065616965293884
0.8871099948883057
0.5063988566398621
0.26974213123321533
0.96795254945755
0.6046295762062073
0.0954718142747879
0.6818286776542664
0.6259182691574097
0.199715718626976
0.8199204206466675
0.5200629234313965
0.3114052414894104
0.9280118346214294
0.5501406788825989
0.7604495286941528
0.5679866075515747
0.016448823735117912
0.6098293662071228
0.5316305756568909
0.8623195290565491
0.5618477463722229
0.8927914500236511
0.29176947474479675
0.6154507994651794
0.8429939150810242
0.5009852647781372
0.11142779141664505
0.8487412333488464
0.8046422600746155
0.43109723925590515
0.43917569518089294
0.5390881896018982
0.8079864978790283
0.01332941185683012
0.6565866470336914
1.3838658787790337e-06
1.7659359624109398e-28
0.006160450167953968
4.215462013235083e-06
0.7917535901069641
0.29720619320869446
0.6857625246047974
0.957789957523346
1.0
0.11176604777574539
0.45967966318130493
0.7986145615577698
0.9757795333862305
0.9750154614448547
1.765013757258642e-20
0.5598636865615845
0.7575494050979614
0.0029232357628643513
0.048501305282115936
0.9855573773384094
1.0
0.9071759581565857
0.9389801025390625
0.9702016711235046
0.7404133677482605
0.844133198261261
0.6528917551040649
0.8798335194587708
0.329389363527298
0.9856066703796387
0.542595386505127
0.011616037227213383
0.15872639417648315
0.1446392685174942
0.023769084364175797
0.5788936018943787
0.9602794051170349
0.013475075364112854
0.9796516299247742
0.9879375100135803
0.0014802338555455208
0.730688750743866
0.6418192982673645
0.571635365486145
0.1756322830915451
0.8299104571342468
0.7580119967460632
0.9879938364028931
0.6166631579399109
1.003974011837272e-05
0.6127142906188965
1.8708933566813357e-06
0.9520328640937805
0.010891446843743324
0.013853116892278194
0.7580801844596863
0.7263131737709045
0.9988011121749878
0.9964179992675781
0.9999994039535522
0.274330198764801
0.4947582185268402
0.9274090528488159
0.357624351978302
0.7933993935585022
0.00957668386399746
0.8527193069458008
0.9335082769393921
0.876985490322113
0.689662754535675
0.6275930404663086
0.00012048488861182705
0.9288244843482971
0.6914209127426147
0.37690261006355286
0.7179497480392456
0.8991016149520874
8.12498910818249e-07
5.166251412447309e-06
0.8280378580093384
0.9170989990234375
0.3328735828399658
0.9290115237236023
0.12011884152889252
0.87321537733078
0.6130774021148682
0.1086936742067337
0.8958959579467773
0.16574202477931976
0.9590941071510315
0.9913206696510315
0.9994300007820129
0.5782219171524048
0.8185440301895142
0.5722979307174683
0.8401035070419312
0.697027862071991
0.48084190487861633
0.45380592346191406
0.000331899180309847
0.6697092056274414
0.5234019756317139
1.8816920053290256e-23
0.6760422587394714
0.6824436187744141
0.8238053321838379
0.5004526972770691
0.883659303188324
0.9582282304763794
0.3851426839828491
0.29442811012268066
0.6900542974472046
0.9292283654212952
0.9025641083717346
0.6567320227622986
0.6899471879005432
0.7894051671028137
0.007958644069731236
0.005633063148707151
0.588154673576355
0.7924151420593262
0.7787050008773804
0.8020082116127014
0.6811042428016663
0.9499195218086243
0.2989705801010132
0.016620611771941185
0.7622951865196228
0.009668261744081974
0.014236044138669968
0.6980287432670593
0.004033525474369526
0.7681158781051636
0.4460637867450714
0.6540244221687317
0.6107230186462402
0.6633622646331787
8.347501273690759e-25
1.4940775145078078e-05
0.41450366377830505
0.0044788517989218235
0.7667739391326904
0.36223798990249634
0.8688070178031921
0.7521684765815735
0.3394007682800293
0.6011480093002319
0.9999300241470337
0.831159770488739
0.7106675505638123
0.005152503028512001
0.4483095705509186
0.022784102708101273
0.3717067539691925
0.2246728390455246
0.5037056803703308
0.9081501960754395
0.6744173765182495
0.6224905252456665
0.332565575838089
0.6537168622016907
0.8473734259605408
0.5722090005874634
0.7656666040420532
0.9342056512832642
0.8912023901939392
0.6223247647285461
0.8668389916419983
0.813191831111908
0.10704605281352997
0.6492375731468201
0.9848063588142395
0.6912202835083008
0.607885479927063
0.20869995653629303
0.4882896840572357
0.4745865762233734
0.11234725266695023
0.9229615926742554
0.7857159376144409
0.9125531315803528
0.8712613582611084
1.3736736142581302e-17
0.9927647709846497
0.24693642556667328
0.897142767906189
0.8438853621482849
0.7931922078132629
0.11173702776432037
0.2059973180294037
0.0009422168950550258
0.013601284474134445
0.08722072839736938
0.8945272564888
0.4755045473575592
0.7324364185333252
0.5651196837425232
3.877499745683109e-22
0.8609170913696289
0.993005096912384
0.3763326108455658
0.6024290919303894
0.5621393918991089
0.5149185061454773
0.5796677470207214
0.6822406053543091
0.6506630778312683
0.7268927097320557
0.06135109066963196
0.471118301153183
0.9999755620956421
0.5393895506858826
0.08380720019340515
0.7225291132926941
0.8993197083473206
0.004215315915644169
0.8419594764709473
0.22731077671051025
0.8184581398963928
0.02309301868081093
0.739069938659668
0.7309914827346802
0.9999698400497437
0.002214055275544524
0.20946308970451355
0.00313601759262383
0.6916790008544922
0.13151519000530243
0.9103472828865051
0.9369337558746338
0.7794713377952576
0.7991064786911011
0.13816656172275543
0.029058491811156273
0.8440322875976562
0.2350892275571823
0.00036851479671895504
0.00099968072026968
0.802464485168457
0.25197717547416687
0.9863483905792236
0.6489505767822266
0.33771243691444397
0.9073585867881775
0.6924980282783508
0.4508146643638611
0.884526252746582
0.922264814376831
0.7629679441452026
0.9999996423721313
0.9447851777076721
0.8344582915306091
0.9514514803886414
0.8039618730545044
0.06544961780309677
0.10651471465826035
0.9514974355697632
0.6676399111747742
1.0655017312899417e-08
0.9999994039535522
0.725013017654419
0.47903740406036377
0.9048793315887451
0.9655756950378418
0.8511717915534973
0.6418024301528931
0.19142884016036987
0.8140004873275757
0.7747084498405457
0.7396636009216309
0.9389687776565552
0.8671009540557861
0.3325595259666443
2.0029390725539997e-05
0.8710450530052185
0.8892698884010315
0.11538422107696533
0.6547890305519104
0.5090166330337524
0.8091031312942505
0.5236424803733826
0.9172701239585876
0.8739949464797974
0.10826098173856735
