0.0011918218806385994
0.0014174343086779118
0.001142340712249279
0.0010153304319828749
0.0011087306775152683
0.0014679708983749151
0.0010195033391937613
0.0016300115967169404
0.0014243738260120153
0.0014163076411932707
0.00138076429720968
0.0012252196902409196
0.001487650559283793
0.0011114849476143718
0.0012193414149805903
0.0013791011879220605
0.0019317854894325137
0.001111985882744193
0.001223687082529068
0.0011452902108430862
0.0009888559579849243
0.0010878879111260176
0.0012049742508679628
0.0011652351822704077
0.000972369743976742
0.0011506330920383334
0.0010827839141711593
0.0013824451016262174
0.0009565126383677125
0.0013412641128525138
0.0010839506285265088
0.0011275251163169742
0.0016634213970974088
0.0019136418122798204
0.0013334302930161357
0.001032488769851625
0.0013965878169983625
0.0012133296113461256
0.0010906169191002846
0.0011053928174078465
0.0009620599448680878
0.0010865569347515702
0.0013033616123721004
0.0010843027848750353
0.0013694826047867537
0.0009683218668214977
0.0010101540246978402
0.0012261144584044814
0.0012050472432747483
0.0009595841984264553
0.0014497352531179786
0.0011462528491392732
0.0011050007306039333
0.0011594914831221104
0.0013936867471784353
0.0012247721897438169
0.001183936488814652
0.0011791897704824805
0.0013580718077719212
0.0014221124583855271
0.0011537381215021014
0.0011851782910525799
0.0012511898530647159
0.0018091447418555617
0.0013380080927163363
0.0015186455566436052
0.0009726203279569745
0.0011740709887817502
0.0009582584607414901
0.0015503708273172379
0.0013839897001162171
0.0011281627230346203
0.001491436269134283
0.0010811547981575131
0.0013944547390565276
0.001864147954620421
0.0018286408158019185
0.0012002347502857447
0.001340450020506978
0.0013461258495226502
0.0022621997632086277
0.0013498089974746108
0.0011427804129198194
0.0017859599320217967
0.0009899984579533339
0.001019541174173355
0.0015120324678719044
0.0009444449096918106
0.0013472704449668527
0.0011575768003240228
0.001859358511865139
0.001855715992860496
0.0013464450603350997
0.0018597152084112167
0.001260985853150487
0.0014063683338463306
0.001090965117327869
0.0013365765335038304
0.0013640305260196328
0.0015281586674973369
0.0022781703155487776
0.0011260343017056584
0.0013904578518122435
0.0013126125559210777
0.0017918250523507595
0.0018507774220779538
0.0013349747750908136
0.0011352704605087638
0.0013294301461428404
0.0011338562471792102
0.0013419367605820298
0.001132153207436204
0.0009566820808686316
0.001335785025730729
0.0010137250646948814
0.0009785345755517483
0.0013359261211007833
0.0014611099613830447
0.0009551893454045057
0.0009718423243612051
0.0009607468382455409
0.0013660587137565017
0.0011667718645185232
0.000966039311606437
0.0009640587959438562
0.0009660513023845851
0.0009606984094716609
0.0009644087986089289
0.0009585287771187723
0.0009551088442094624
0.000968791136983782
0.0009553536656312644
0.0009509007795713842
0.0009549559908919036
0.0009307469590567052
0.0009508364601060748
0.0009645210229791701
0.0009591792477294803
0.0009390783379785717
0.0014328770339488983
0.0009574070572853088
0.00109692697878927
0.0012271548621356487
0.0009511879761703312
0.001008428051136434
0.0009654532186686993
0.0012233818415552378
0.0012220685603097081
0.0009558530291542411
0.001272351830266416
0.0013643937418237329
0.000966228952165693
0.001458649174310267
0.0009550656541250646
0.0009648632840253413
0.0013318425044417381
0.0012702341191470623
0.0009555689757689834
0.0009969110833480954
0.0009548535454086959
0.0009590796544216573
0.0012238159542903304
0.0012402381980791688
0.0009563002968207002
0.001849779742769897
0.0009542015613988042
0.0009633995359763503
0.0009468721691519022
0.0009578313329257071
0.0010836331639438868
0.0012030797079205513
0.0011978670954704285
0.0012206761166453362
0.000963691039942205
0.0009562684572301805
0.0011789292329922318
0.0009784777648746967
0.0012302850373089314
0.0009347065351903439
0.001178803388029337
0.0009676808258518577
0.0009934953413903713
0.0011305247899144888
0.0011201270390301943
0.0009540461469441652
0.0013260109117254615
0.0009697126806713641
0.0011627614730969071
0.0009664678364060819
0.0012260753428563476
0.0009692144230939448
0.001223919098265469
0.0011946838349103928
0.0014768302207812667
0.0012754593044519424
0.0011259661987423897
0.000965503859333694
0.0009384315926581621
0.0009384226286783814
0.0009677311754785478
0.0010007990058511496
0.0009600212797522545
0.0009643822559155524
0.0009386059828102589
0.0014321192866191268
0.0012427914189174771
0.0009639945928938687
0.0015638094628229737
0.0009729225421324372
0.0011942976852878928
0.0012254950124770403
0.0009940199088305235
0.0012382010463625193
0.0009544643107801676
0.0009537284495308995
0.0018297135829925537
0.001201864448376
0.0009534304263070226
0.0009636300383135676
0.0009685991681180894
0.0018378777895122766
0.000958923832513392
0.0009393217042088509
0.0010759925935417414
0.0011274982243776321
0.001234889030456543
0.001213794224895537
0.0013125219848006964
0.0009558338788338006
0.000941311998758465
0.0009669261053204536
0.0018411664059385657
0.0012177913449704647
0.0012074990663677454
0.0014069818425923586
0.0011897331569343805
0.0012025245232507586
0.0010015262523666024
0.0014001928502693772
0.0012094347039237618
0.0012498189462348819
0.0011524666333571076
0.0013529841089621186
0.001812474220059812
0.0009581014164723456
0.0011994884116575122
0.0010860965121537447
0.0012136624427512288
0.0012053289683535695
0.0012120450846850872
0.0012117420556023717
0.0011994341621175408
0.001835159375332296
0.0011864432599395514
0.0012070287484675646
0.0011309803230687976
0.001832340145483613
0.0009872735245153308
0.0018359815003350377
0.000954713555984199
0.0011813482269644737
0.0012135931756347418
0.0011843024985864758
0.0009624491212889552
0.0014147169422358274
0.0012036928674206138
0.0012980086030438542
0.0016840333119034767
0.001207847730256617
0.0011963100405409932
0.0018175902077928185
0.0017787065589800477
0.0018345830030739307
0.0011790459975600243
0.0009570139227434993
0.0010864720679819584
0.0011854436015710235
0.0009587022941559553
0.001184138935059309
0.0009744634153321385
0.0011936777736991644
0.001180063933134079
0.0018007734324783087
0.0013161315582692623
0.0018228465924039483
0.0009789896430447698
0.0009991436963900924
0.0009588699322193861
0.0014223989564925432
0.0011715679429471493
0.0012074284022673965
0.0009984109783545136
0.0010848711244761944
0.0012030458310618997
0.0018197604222223163
0.001204542233608663
0.0011749392142519355
0.0017553913639858365
0.0009581991471350193
0.0018064214382320642
0.0011766381794586778
0.0011799453059211373
0.0017538428073748946
0.0011965499725192785
0.0009724652045406401
0.001817845506593585
0.0009380521369166672
0.0011657719733193517
0.0009593355352990329
0.0012184620136395097
0.0009599856566637754
0.0009511431562714279
0.0011986454483121634
0.000952746719121933
0.0014052999904379249
0.0009764940477907658
0.0012026196345686913
0.0009851885261014104
0.0011860280064865947
0.0011725053191184998
0.000937070872168988
0.0009525438654236495
0.0012042996240779757
0.0014684231719002128
0.0009623161167837679
0.0011779660126194358
0.00115530367475003
0.001806988031603396
0.0009583178325556219
0.0011332374997437
0.0011697971494868398
0.0011942225974053144
0.0009394388762302697
0.0009513266268186271
0.0009567377273924649
0.0012131562689319253
0.0009549500537104905
0.0009566702647134662
0.0014177124248817563
0.0011461671674624085
0.0012339031090959907
0.0011550500057637691
0.0009356576483696699
0.0017886593705043197
0.0009569090907461941
0.000964861479587853
0.0011039454257115722
0.0012026459444314241
0.0009586429805494845
0.0017757059540599585
0.0011231214739382267
0.0011692428961396217
0.0018023503944277763
0.0009732645703479648
0.0009658304625190794
0.0011865812120959163
0.0009511078242212534
0.0012228889390826225
0.001088630175217986
0.0009742703405208886
0.001202579471282661
0.0009968103840947151
0.0009690076112747192
0.0011473080376163125
0.0009841874707490206
0.0011642953613772988
0.001169215072877705
0.0012099031591787934
0.0011748363031074405
0.0009591243579052389
0.001192750409245491
0.0009532351396046579
0.0011798840714618564
0.0011665057390928268
0.0009563217172399163
0.0017234093975275755
0.0012967094080522656
0.0009383315336890519
0.000954669842030853
0.0009630508138798177
0.0012940031010657549
0.0010867080418393016
0.0009583844221197069
0.0013100235955789685
0.0009379560360684991
0.0017764032818377018
0.0010150596499443054
0.0009628471452742815
0.0011849140282720327
0.001719965715892613
0.0017746970988810062
0.001085994066670537
0.0009661433286964893
0.00095715670613572
0.0014521878911182284
0.0009673720924183726
0.000983030186034739
0.0012491453671827912
0.000982846599072218
0.001249890890903771
0.0011938324896618724
0.0014417890924960375
0.0009551483672112226
0.001300702802836895
0.001300725736655295
0.0009759365930221975
0.0012504523620009422
0.0009706425480544567
0.0009639000054448843
0.0012190500274300575
0.0014660605229437351
0.0009639935451559722
0.0012442386941984296
0.0011478119995445013
0.001463814522139728
0.0012500248849391937
0.0017627294873818755
0.0011663917684927583
0.0014240856980904937
0.0011761104688048363
0.000950218818616122
0.0011838575592264533
0.0009813153883442283
0.000976897426880896
0.0009691349696367979
0.0009426874457858503
0.00120431964751333
0.0012874618405476213
0.0009538797894492745
0.0009806727757677436
0.0014077043160796165
0.0012438074918463826
0.0009797104867175221
0.0014214686816558242
0.0014321506023406982
0.001202792627736926
0.0012932391837239265
0.0012409525224938989
0.0012408189941197634
0.001136673497967422
0.0011832121526822448
0.0013437401503324509
0.0011538249673321843
0.001242244616150856
0.0009795792866498232
0.0009463878814131021
0.001193155418150127
0.0009706061100587249
0.0011104732984676957
0.0009520774474367499
0.0009567486704327166
0.0012845515739172697
0.001245877705514431
0.0009529041708447039
0.000976134033408016
0.0009554469143040478
0.0009383104625158012
0.0011796042090281844
0.0011662201723083854
0.0013910208363085985
0.0012096167774870992
0.00136158789973706
0.0013677113456651568
0.0013493031729012728
0.0013626491418108344
0.0010984328109771013
0.001758140861056745
0.0016164913540706038
0.0013542462838813663
0.0011183966416865587
0.001009861589409411
0.0013173165498301387
0.0009478162974119186
0.001200133003294468
0.001425630529411137
0.0011066978331655264
0.001364703057333827
0.0017453150358051062
0.0009554956341162324
0.0016248301835730672
0.0009582914062775671
0.001080006011761725
0.0009516761638224125
0.0013524300884455442
0.001330076134763658
0.0013447034871205688
0.0009335788199678063
0.0013473661383613944
0.0013257671380415559
0.0009462269954383373
0.0013538141502067447
0.0011485000140964985
0.0011601907899603248
0.0013534738682210445
0.0014405518304556608
0.0014247559010982513
0.0011281794868409634
0.0009373851353302598
0.0016933429287746549
0.0011656815186142921
0.0013439416652545333
0.0017375032184645534
0.0014783877413719893
0.0013248167233541608
0.0009423776064068079
0.0017364309169352055
0.0016378764994442463
0.001274333568289876
0.0017007353017106652
0.0011170475045219064
0.0013543571112677455
0.0016891506966203451
0.0009790470357984304
0.0013483596267178655
0.000944402243476361
0.0009573194547556341
0.0009430026984773576
0.0016760994913056493
0.0009381254203617573
0.00097714364528656
0.001364510040730238
0.0009399018017575145
0.0017307789530605078
0.0009718288201838732
0.0013370539527386427
0.0009494639816693962
0.0009480674052610993
0.0009506281348876655
0.001722704153507948
0.0009517060243524611
0.001335839624516666
0.000944994855672121
0.0009663836099207401
0.0009615793242119253
0.0009594219154678285
0.0009467792697250843
0.0013396989088505507
0.0011052523041144013
0.0009528193040750921
0.0016974839381873608
0.0014409030554816127
0.0009383010910823941
0.0009703175746835768
0.0009444161551073194
0.0014292702544480562
0.000978874508291483
0.0009496232378296554
0.001091866404749453
0.0009506919304840267
0.0016770613146945834
0.0016535925678908825
0.0017212547827512026
0.0009606187231838703
0.001063231728039682
0.0017082421109080315
0.000954311981331557
0.001719474559649825
0.000983352423645556
0.0013387678191065788
0.0013928594999015331
0.0014183471212163568
0.001180734601803124
0.0009600619086995721
0.0009487270726822317
0.0009415639797225595
0.0009524975321255624
0.0012660946231335402
0.0010548342252150178
0.00162721355445683
0.0013269956689327955
0.0009543689084239304
0.0016199457459151745
0.0009395078523084521
0.0009515034034848213
0.0011119223199784756
0.0009541015606373549
0.0011235644342377782
0.0017100435215979815
0.001148922834545374
0.001070830156095326
0.000931832124479115
0.0009347941959276795
0.0016606315039098263
0.0012772121699526906
0.0009691169834695756
0.0014316249871626496
0.0009733443730510771
0.0011462735710665584
0.0013536685146391392
0.001410018652677536
0.001278755604289472
0.0009579015313647687
0.0009731918689794838
0.0017066093860194087
0.001319724484346807
0.0009452006197534502
0.0011711970437318087
0.0011066013248637319
0.0013698629336431623
0.0009925427148118615
0.0010498205665498972
0.001078110421076417
0.0010751744266599417
0.0013699645642191172
0.001422125264070928
0.0013930776622146368
0.001414893427863717
0.0013897999888285995
0.0013661192497238517
0.0014399195788428187
0.0013883381616324186
0.0014320060145109892
0.0013142551761120558
0.0026479430962353945
0.0014089462347328663
0.0013794354163110256
0.0009439668501727283
0.001367201330140233
0.0014113474171608686
0.0010522757656872272
0.0013637631200253963
0.001056363806128502
0.0009422451839782298
0.0012580270413309336
0.0013610603054985404
0.0013683503493666649
0.0009366308222524822
0.0010832796106114984
0.0009555475553497672
0.0013672326458618045
0.0012689486611634493
0.00138940685428679
0.0013910732232034206
0.0014147020410746336
0.0013851190451532602
0.0009474565158598125
0.0011432681931182742
0.0012844830052927136
0.0013536375481635332
0.0009377282112836838
0.0013610472669824958
0.0011436200002208352
0.001356450840830803
0.0009510539239272475
0.0011194311082363129
0.001390024903230369
0.0013522697845473886
0.0014087865129113197
0.001394632738083601
0.0009874814422801137
0.0011125400196760893
0.001411562436260283
0.0011271105613559484
0.0010918175103142858
0.0009573550196364522
0.0013600470265373588
0.001177223981358111
0.0013973847962915897
0.0009443054441362619
0.0009748106822371483
0.000958411896135658
0.0014039408415555954
0.0009594347211532295
0.0010783585021272302
0.0009541296749375761
0.0009382840944454074
0.0010452668648213148
0.0009647286497056484
0.0009424404124729335
0.0009381017880514264
0.0009558343444950879
0.0009531928808428347
0.0009398095426149666
0.0009468563948757946
0.0009642839431762695
0.0009534264099784195
0.0009623977821320295
0.0009486773633398116
0.0009588302345946431
0.000934382900595665
0.0009552271221764386
0.0009376531816087663
0.0009601301280781627
0.0009619513875804842
0.0009615682647563517
0.0009555543656460941
0.0014101946726441383
0.0010892105055972934
0.0009477630956098437
0.0009340156684629619
0.0009524997440166771
0.001445719157345593
0.0009636069880798459
0.0010615309001877904
0.0009555320721119642
0.001296682865358889
0.0010937841143459082
0.0009405082673765719
0.0009601593483239412
0.0012615721207112074
0.001357206841930747
0.0015720236115157604
0.0013497266918420792
0.00104468350764364
0.0011205747723579407
0.0013790118973702192
0.0014103235444054008
0.0014101006090641022
0.0016299216076731682
0.0009328706655651331
0.001372548402287066
0.0013838987797498703
0.001365730888210237
0.0014121487038210034
0.0013913374859839678
0.0009367266902700067
0.0013578105717897415
0.0011527522001415491
0.0013519265921786427
0.001397396670654416
0.0013954644091427326
0.0013780108420178294
0.00134116574190557
0.0013849034439772367
0.0010844721691682935
0.0009742564288899302
0.0010867987293750048
0.0013881821651011705
0.0013837077422067523
0.001279614632949233
0.001243338454514742
0.0014064928982406855
0.001003182609565556
0.0010463189100846648
0.0012529034866020083
0.0014043941628187895
0.0009414451196789742
0.001364207244478166
0.0010398111771792173
0.0013997969217598438
0.001377974054776132
0.0012592383427545428
0.0014015495544299483
